13877354361
15078000116
13877354366
15078000118
15204309135
13877354364
15204309137
13877354363
18077107335
18077107336
15078000123
15078000122
18077107331
18077107337
18007720856
13877354371
15078000127
15078000125
13877354375
15204309123
13877354377
15078000129
13877354376
18077107304
18007720821
18077107303
18007720827
18077107302
18007720829
18007720830
15078000100
18077107310
18077107312
18007720839
15078004597
18007720801
15078004594
18007720802
18007720805
18007720806
18007720807
18007720810
18007720813
18007720818
18007720819
18007720817
18077100279
15204303696
15204309193
18077100277
18077100278
18077100274
18077100270
15204305918
18077104557
18077104556
15204305910
18077104551
18077104550
15204303699
18077104552
15204303685
15204303684
15204303683
15204303681
18077100288
18077100289
18077100282
18077100280
18077100281
18077104565
18077104560
15204303688
15204303689
18077104561
15204303687
18077100255
18077100257
18077100258
18007723995
18007723996
18077100251
18007723993
18077100250
18007723992
15078000196
15078000194
15078000193
18007723999
15078000198
15204305939
18077104530
15078000192
15204305933
15078000191
15078000190
15204305930
18077100265
18077100266
18077100269
18077100260
18077100261
18077100263
18077104546
15204305928
18077104544
18077104543
18077104540
15204305921
15204305922
18077100230
13877353299
13877353297
13877353296
13877353295
15078000179
13877353292
15204309151
18077100236
18077100234
18077100233
18077100232
18077100231
18077104590
15204305954
18077104593
18077104594
18077104595
15078000177
13877353290
15078000178
13877353291
15078000173
15078000174
15078000172
18007729704
18077100241
18077100240
18077100247
18077100246
18077100249
18077100242
15204305944
15078000181
15204305943
15204305946
15204305945
15078000186
15204305949
15078000187
15078000188
15078000189
18007729707
15078000183
15078000159
13877353272
15078000158
13877353277
18007729716
13877353276
18007729715
18077100211
15204309176
13877353279
13877353278
18007720884
15204309173
18077100214
18077100213
15204309170
18007720887
18077100218
15204305976
18077104571
15078000151
18007729719
15078000156
15078000154
13877353282
15078000168
18007729721
18007729726
13877353286
18007729725
13877353285
18007729728
13877353288
13877353287
18077100220
18077100223
18007720891
15204309166
18007720890
18077100227
18007729720
18007720895
18077100226
18007720894
15204309161
18077104585
18077100228
15204305967
18077104586
18077104583
15204305966
15078000160
15078000162
18077104589
15078000165
15078000167
15204303727
18077108881
18077108880
18077104605
15204303729
18077108883
18077104604
18077108882
18077104601
18007721927
18077108886
18007721928
15078004622
18077108889
18007721926
15204303720
15078004620
15078003576
15204303721
15204303723
15078003572
13877353267
15078003578
18007728298
15078004624
13877353262
18007729749
13877353266
18077104608
13877353263
18077108890
18077108872
18077108871
15204303738
18077108870
15204303739
18007721916
18077108875
18007721917
18007721918
18077108874
18077108873
18007721919
18007721912
15204303733
15078004611
15078004610
18007721915
15204303731
15078003561
18007728292
15204305875
15204303737
18007721910
15204305877
18007728291
15078004616
13877353256
18007728285
13877353257
13877353258
18007728283
13877353259
15078003569
18007728289
15078003568
15204305870
15078004615
15078003567
18007729731
13877353251
13877353252
13877353253
18007729738
18007729739
13877353255
18007721907
18077108864
18007721906
15204303749
18077108861
18077103098
15204305888
18007721900
15078003550
15204303747
15204305886
15204303748
15204305887
18077108867
15078003553
15204303742
18077103095
18007721901
18077103096
18077108868
18007721902
15204303740
15078003558
15204305885
15078004607
13877353245
15204305882
18007729768
13877353240
18077108852
18077108851
18077108850
15204303756
18077108858
18077108857
15078003544
18077103083
18077108856
13877353238
18077103092
15078003547
13877353239
15204305892
15078003545
13877353234
13877353237
13877353232
13877353233
18007729757
18077103073
15204303764
18007721969
15204303763
18077104640
18077103075
18007721967
18077103077
15204303768
18007728260
18077103078
15204303769
18077104648
18007729789
13877353220
18007721961
13877353226
18007721962
13877353225
13877353224
13877353223
18007729786
18077103080
15204303760
13877353229
18007729784
18007728256
18077103082
18007728257
15204303762
13877353227
18077103064
15204303777
18077104630
18077103063
18007721959
18077103061
18007721958
18077103068
18007721953
18007721952
18077103066
18007721955
18077103065
15204303778
18077103069
18077100191
18007729777
18077100192
18007729778
18077100195
18077100196
18077104639
18077100198
13877353212
13877353215
18007721951
18077103070
18077103071
13877353216
18007729775
15204303770
18007729774
18007728280
15078003592
15078003595
18007728282
15078003594
18077103050
15204303788
18077103053
15078003599
18077103052
18077104624
18077104625
15078003591
18077104627
15078003590
18077100186
18077100185
18077100184
18077100183
18077100182
18077100181
18007728276
18007728278
18077103060
18007728273
13877353202
15204303780
18007728270
15078003581
18077103042
15078003588
15204303799
15078003587
15204303797
18077108899
18077104611
18077108897
18077104610
18077104615
15078003580
18077108893
18077108891
18077104614
18077100172
18077100174
18007729798
18077100171
18007728269
18007728268
18077100176
18077100179
18007729792
13877354315
13877354313
15078008980
18007728213
13877354316
15078008984
18007728215
15078008982
15078008983
15078008986
18077103039
18077103037
18077108803
18077108801
18077108807
18077108806
18077103035
18077103032
18077108805
18077108804
18007721995
13877354301
18007721993
18007721992
18007728200
13877354306
18007721990
18007728201
15078008971
18007728206
18007728205
15078008974
15078008976
13877354300
15078008978
18007728209
18077103025
18077103026
18077103027
18077103029
15078004698
15078004697
15078004696
18007721998
18077103023
15078004692
18007721997
18007728235
18007728234
18007728233
18007721980
18007728231
18007728230
15078008966
15078008962
15078008961
18077103017
18077103014
15078008968
18077103015
18007721985
18007721986
15078004681
15078004684
18007721987
18007721988
15078004686
15078004687
18007721972
15078008956
15078008950
15078008951
18007728228
15078008952
18077103009
18077103003
18077103004
18077103005
15078008959
15078004673
18007721976
15078004671
15078004670
15078004677
15078004675
18007721978
15078004674
13877354351
13877354358
15078003538
15078004668
15078003534
15078003535
15078003533
15078004663
18077108847
15078004666
15078003530
15078004661
18077108849
18077107399
18077107398
18077108843
18077107396
18077108841
18077107395
18077107391
18077107393
18077107394
13877354340
13877354341
13877354342
18077107390
15078003527
15078003528
13877354347
13877354348
15078003524
15078004658
15078004657
15078003525
15078003526
15078003520
18077108834
15078004652
15078003522
18077108836
15078004653
18077108837
15078004651
18077107389
18077107385
18077107386
18077107380
15078003515
15078003512
13877354338
13877354339
15078003518
15078003519
15078004649
13877354334
15078003517
13877354335
15204303702
18077108826
15078003510
18077108821
18077107375
18077107374
15204303707
15078003509
15078008998
13877354321
15078008999
15078008994
18077107370
15078008995
15078008990
15078004637
13877354327
15078004636
15078003502
13877354329
15078003504
15078004634
15078003505
13877354323
18077108819
15078004639
15078003508
18077108815
18077108816
15204303712
18077108818
18077108811
15078004633
15204303711
15078004631
15204303710
18077108814
18077107363
15204303718
18007720721
18077104497
18077104496
18077104493
18007720724
18077104492
18007720727
18077104491
18007720728
18077107444
18077107442
18077104499
18077107440
15078000235
15078000236
15078000238
15204309255
13877354244
13877354248
15204309254
18007720733
18007720731
18077107459
18007720736
15078000240
18007720739
18077107450
18077107451
18077107452
15078000242
15078000247
13877354250
13877354251
13877354256
15204309242
13877354257
15204309241
18007720730
18007720747
15078000253
15078000252
15078000255
18077107461
18077107468
18077107465
18077107466
13877354264
15078000256
13877354262
15204309239
13877354261
15078000259
13877354268
18007720755
18007720754
15078000266
15078000265
15078000264
18077107474
15078008909
15078008903
18077107476
15078008902
15078008904
18077107479
15204309224
15078008900
15204309222
15078008901
15078000269
15078000267
15078000268
18077107481
13877354273
18007720752
13877354279
15078008916
15078008913
18077107400
15078004470
15078008919
18077105985
15204309219
13877354281
18077105987
15078008918
15078004476
18077105980
15078004472
18077107406
15078004475
13877354288
15078008911
15204309211
13877354286
13877354287
15078004482
15078004480
18077105999
15078008929
18077105997
15204309209
15078004489
18077105993
18077105992
15078004488
15078004484
15078000202
15078000201
13877354296
15078000208
15078000207
13877354298
15078008923
15078000206
15078008922
15078000205
15204309200
15078000211
15078004490
18077107424
18007720706
15078008935
18007720708
15078008936
18007720709
15078004494
15078004496
15078004497
18077107425
18007720705
15078004498
15078008934
15078000217
15078008933
15078000219
15078008931
15078000212
15078000214
15078000221
18077107431
15078000220
18077107430
15078008946
18007720717
18007720718
18077107436
18077107439
18007720713
18007720711
18007720712
15078008943
15078008945
15078000227
15078000224
15078000223
13877353196
13877353194
18077100130
18077104419
13877353197
13877353198
18077100135
15204303590
18077100132
18077100138
18077100136
15204305815
15078003388
15204305813
15078003383
15078003384
15204305810
18077104416
15078003380
18077104418
13877353192
18077104411
13877353191
13877353190
18077104413
15204305818
18007729800
18007729802
18077100142
18007729805
15204303580
15204303586
18077100149
18077104421
15204305802
18077104420
15078003398
15204303588
15078003399
15078003397
15078003394
15078003395
18077104427
15078003390
18007729808
18077104425
18077104422
15204305809
18077100152
18077100159
18077100154
15204303571
15204303570
15204303577
18077104432
18077104434
18077100163
18077100160
15204303560
18077100166
18077100167
15204303568
18077104446
18077104445
15204309298
15204309297
18007729830
15204309294
18007720761
15204309292
13877353151
13877353156
18007729836
15078000273
15078000270
18007729839
15078000274
18077104454
18077104450
13877353169
18077100102
18007720770
15204305840
15204309286
18007720772
18077100106
18007729841
18007720774
18077100105
18007720773
18007729842
13877353163
13877353162
15204309289
15204309288
15078000282
15078000283
15078000284
15078000285
15078000288
18077100107
18077104464
18007720775
18077100108
15204305846
18077104465
18077100109
18007720777
18077104463
18007720779
15204305843
15078000280
18077100115
18007720783
18077100114
18007720782
18077100113
18077100112
15204305830
15204309273
13877353178
13877353177
13877353176
15204309277
18007729812
13877353173
18007729810
13877353171
18077104478
13877353170
18077104479
18007729819
18007729818
15078000290
18077104471
15204305831
15204305837
18077104475
18077100119
18077104476
18077100125
18077100128
18007720796
18077100127
18077100122
18007720790
18077100121
18077100124
13877353187
18007729827
15204309269
13877353189
18007729826
15204309268
13877353188
18007729821
18007729820
18007729823
18007729829
18077104482
15204305823
18077104486
15204305825
18077104487
18007720799
15204305767
15204303625
15204303626
15078003430
15204303627
15204303620
18077108989
18077108984
18077108983
13877353123
13877353120
13877353121
18007729888
18007729889
18007729886
18007729885
18007722990
18007729882
15078003437
18007722992
18007729880
18007729881
15078003439
13877353127
18007722995
13877353125
18007722989
18007722988
15204305777
15204303635
15204303634
15078003421
18077108973
13877353110
18077100098
18007729875
18077100092
18007729876
18077100094
18007729878
15078003427
18007729872
13877353118
13877353119
18077100099
15078003428
15204305774
15078003453
15204305749
15078004501
15078003454
18007721802
15204303600
15204305747
18007721803
15204305748
15078003456
18007721800
15204303607
18007721808
18007721806
18007721807
18007729866
18007729865
13877353145
18007729868
13877353142
18007729869
15078004507
18007729862
18007729863
18007729860
15078003459
18007729861
15204303615
15204303613
15204303617
15204303618
18007729853
18007729855
18007729856
15204305751
13877353138
13877353139
15078003447
18007721829
18077104502
18077104503
18077104504
15078003470
18077104506
18007722953
15204303669
15204303668
18007721820
15204303665
15204303664
18007722959
18007721825
15204303667
15204303666
15204303660
18007728398
15204303662
18077100068
18007728395
18077100066
18077104509
18007728392
15078003461
18007721811
15204303679
15078003467
15204303677
15078003465
18007721815
15204303675
18077100055
15204303670
18077100058
18077100057
18007728383
18077100052
18077100051
18077100054
15078003490
18077104526
15078003492
18077100090
18077104523
18007722979
15204303643
18007721848
15204303645
15078003499
15204303647
18007722976
15204305789
15078003496
18007728381
15204305785
13877353105
18007722971
18007728373
15204305783
13877353103
18007722973
18007728375
13877353109
18007728377
13877353107
18077100082
18077100081
18077100080
18077100087
13877353100
18077100085
18077104514
18077104515
15078003489
15204303656
18007722968
18007722969
15204305799
15078003485
18007722967
15078003484
15204303658
18007722965
15204303657
15078003482
18077100078
18077100077
18007728363
18007722962
18007728360
18007729894
15204303651
15204305792
15204303650
18007728368
18007729899
18007728369
18077104519
18077100076
15078008845
15078008841
15078008842
18007728358
18007728357
15078004568
18007728352
18007728351
15078004561
15078004560
18077108902
18007722914
15078004567
18007722918
15078008848
15078008832
15078008833
15078008835
15078008831
18007721852
18007721850
18007721855
15078004551
18007722900
18007721857
18007721858
15078004553
18007722907
18007722906
18007722908
15078008838
15078008864
15078008867
15078008868
15078008866
18007721883
18007721885
18007721884
18007728333
15078008860
18007721881
18007722938
15078004586
18007722936
15078004583
15078004582
18077108927
18007721887
15078004585
18007721888
18007722931
18007728325
15078008851
18007728327
18007728326
15078008854
18007728329
15078004579
15078004577
15078004576
15078004575
18007722926
18077108915
18007722920
18077108917
18007721876
15078004570
15078008858
18007722928
15078008882
18007728311
15078008881
13877354217
13877354218
13877354213
15078008889
15078008888
15078008887
13877354210
15078008886
18007728313
15078008883
18077108941
18077108949
18077108947
15078004520
15078004523
15078004516
15078004515
15078008871
18007728300
13877354208
13877354209
15078004518
15078008878
15078008873
15078008875
18007728305
18077108937
18007721899
18007721898
18007721897
18077108934
15078003419
13877354237
15078003417
13877354236
15078003415
15078003413
15078004549
13877354239
13877354230
13877354231
18077108960
18077108964
18077108962
18077108967
15078003412
15078003411
13877354224
15078003408
13877354226
15078003409
15078003402
15078008890
15078008892
15078003405
13877354220
15078008898
18077108954
15078004534
15078003401
15078000334
15078000333
15078000336
15078000335
18077105880
18077105884
18077105883
15078000332
18077105889
15078000348
15078000345
18077100400
18077105891
18077100406
18077105895
18077100405
18077105899
15078000342
15078000340
18077105896
15078000312
15078000313
15078000317
18077105862
18077105867
18077105869
18077105866
18077105865
15078000325
15078000323
15078000322
15078000326
18077105873
18077105878
18077105877
18077100434
18077100436
18077100431
15078000377
15078000378
18077107101
18077107105
18077107102
15078000372
18077107108
18077107106
18077100437
18077100442
18077100440
15078000388
15078000389
15078000387
18077107111
18077107115
18077107119
18077100449
18077100448
18077100410
18077100411
18007721692
18007721691
18077100413
18007721690
15078000350
15078000352
15078000353
18077100415
18077100418
18007721699
18077100420
18077100421
18077100424
18077100422
15078000369
15078000360
15078000365
15078000364
15078000363
18077106017
15078001861
15078001860
18077106013
18077100472
15078001865
13877353056
15078001863
13877353053
13877353052
13877353051
13877353050
18077100473
18077106028
15078001870
18077106024
18077106025
18077106026
18077100480
15078001877
15078001878
15078001879
18077106030
13877353064
18077100489
18077100488
18077100484
13877353069
18077100487
15078000393
15078000391
15078000398
15078000396
13877353031
15078001847
15078001844
18007723798
15078001845
18007723799
13877353035
15078001843
13877353033
18007723795
13877353032
18077100454
13877353039
18077100453
13877353038
18077100451
18077100458
18077106008
18077106002
18077106004
18077106001
15078001855
15078001857
15078001853
18077100460
13877353045
13877353047
18077100465
13877353049
15078001859
13877353093
18077104796
18007723779
13877353092
18077104799
15078003283
15078003284
15078003285
18077104791
15078003286
15078003287
18077104793
15078003288
18077104792
15078003289
15078001828
18007723771
18007723772
15078001825
13877353097
18007723777
18007723776
18007723789
15078003293
15078003294
15078003297
15078003295
15078001838
18007723780
18007723783
18007723781
15078001834
18007723787
15078001833
18007723786
15078003260
18077104775
13877353071
18077104774
13877353070
18077104777
18077104776
18007723759
18077104773
15078003262
15078003265
18077100497
15078001809
15078001808
15078001805
15078001804
18007723753
15078001802
15078001801
13877353072
15078001800
13877353073
13877353078
18077100494
13877353079
18007723751
18007723750
15078003272
18077104788
13877353080
18077104786
13877353082
18007723768
15078003275
15078001816
15078001818
15078001817
15078001812
18007723766
13877353085
18007723762
18007723761
13877353088
18007723760
15078001810
13877355921
13877355924
18007723861
13877354510
13877354513
15078004822
15078004821
15078004820
15078003379
15078003373
18007721723
15078003375
18007721722
13877355915
13877355916
13877355918
18077104884
18077104885
18077104886
18077104887
18007729535
13877355910
18007729537
18007725995
18007725996
15078004819
15078004818
18007725997
18007725998
18007725999
18007728484
13877354500
18007729531
18007729530
18007728488
15078004813
18007729532
18007728486
13877354504
18077104871
18007721715
15078003368
18077104872
15078003366
18077104870
15078003365
18007721716
15078003364
15078003363
18007721713
15078003360
18077104877
13877355904
18077104878
18007723858
18007721719
18077106099
18077104874
18007723855
13877355901
18077106091
18007725988
13877355900
15078004808
18077106090
18007725985
13877355903
15078004807
13877355902
18077106096
18007725983
18007723840
18077106095
18007729568
18007729567
15078004800
18007729562
15078004805
18007729561
18007721701
15078003352
15078003355
18007721705
15078003357
18077104862
18077104863
18077106089
18007721707
18077104865
18077104867
18077106081
18077104859
18077106082
18007729556
18007725971
18007729559
15078003349
18007729553
15078003347
18007729550
18077104850
18077106076
13877353028
13877353025
15078003337
15078003336
13877355960
15078003339
15078003338
15078004866
18007725962
13877353020
18077106071
18007723820
18077104848
13877355966
18007725966
13877355967
18007729508
18007725965
18077106070
13877355969
18007729506
18007725963
13877353022
18007723826
13877355959
18007723827
18077106069
18007723828
18077104846
18007723829
18007723823
18077104843
18077106064
15078003332
15078004863
15078004862
15078004861
15078004858
13877353014
13877353016
15078003329
15078003328
13877353018
13877355950
15078004856
15078003325
18077106060
13877355953
18007723810
13877355954
18077106062
13877355951
18077104839
13877355957
13877355958
13877353011
18077104836
18007723817
18077106057
18007725957
18077104834
13877355949
18007725958
18077106059
18007723816
18077104832
18077106054
18077104830
15078003323
15204303974
15204303975
15078004850
15078003321
15078004852
15204303978
15078003320
15204303977
18007729521
15078003315
13877353009
15078004846
13877353007
15204303981
13877353008
15078003319
15078004849
13877353006
15078004848
18077104826
13877355944
18007729529
15078001898
13877353001
15078001897
13877353002
15078001896
18007729528
13877353000
18007729525
18007729526
13877355942
18077106050
13877355943
18077106045
18007723800
18007723802
18077106043
18077106042
18077104822
18077106048
18077104825
18077106047
15078001891
15078001892
13877355939
18007723808
15204303987
15078003313
15078003306
15078003305
15078004833
15078003303
15078003309
15078004837
15078001885
18007729516
18007725931
18077104815
15078001887
13877355933
18007729518
15078001886
13877355931
18007729512
15078001888
18077104819
18077106040
18077106041
18007729515
18077104810
18077106033
13877355929
15078001880
15078001881
13877355928
15078001883
18077106037
18077106039
15204303998
15204303997
15078004831
15204303924
18077104802
18077105934
18077104803
18077107159
18077104801
18077107157
18077105935
18077107156
18077105932
18077107153
13877354592
18077107160
13877354591
18077105937
18077104807
18077105938
18077104805
18077105939
13877354594
18007728417
13877354598
13877354599
15204303930
15078004893
15078004891
18007721798
18077105923
15204303939
18077105922
18077107148
13877355996
13877355995
18077107150
18077107152
13877355997
13877355999
13877354587
13877354588
13877354589
18007721792
13877355991
18007721793
18007721790
15078004899
18007721791
18007721788
18007721787
15078004881
15204303944
15078004882
18077107139
18007721789
18077107131
18077107138
18077107137
15204303949
18077107136
18077105913
15204303947
18077105915
18077105916
18077105917
13877355989
18077105918
13877355988
13877354573
18077107140
18077105919
13877354571
18007721780
13877355981
13877355980
18007721782
15078004889
18007721783
13877354579
18007721785
18007721786
18007721779
15204303955
15204303957
18007721776
15204303950
15078004873
18077107121
18077107123
18077107125
18077105903
18077107124
18077105900
18077107126
13877355978
13877355977
18077105905
13877355979
13877354564
18077105909
18077107130
13877355975
13877354560
13877355970
15078004878
13877354565
13877354568
18077105973
18077107199
18007721769
18007721766
18007729590
15078000308
15078000309
18007729582
13877354555
18007729586
15078000300
18007729589
15078000301
15078000302
15078000304
13877354553
18077105967
18077107186
18077107188
18077105963
18077105961
18007729580
18007721757
18007729572
13877354546
13877354548
18007729577
18007729575
18007728445
18007729578
18007728448
13877354540
13877354542
18077105951
15204303909
18077107177
18077105952
18077105953
18077105956
18077105957
15204303901
15204303900
13877354537
13877354536
13877354535
13877354534
13877354532
18077107181
13877354531
18077107180
18077107184
18077107182
18077107165
18077105940
18077107166
18077107167
18077105944
15204303911
13877354518
18007721737
18007729598
18007729596
13877354527
18007729594
18007721731
13877354522
18007729595
18007729592
18077105949
13877354520
18077107174
15078000432
18077105749
18077105743
15078000430
18007720922
18007720923
18007720924
18007720925
15078000445
15078000443
15078000448
15078000447
18077105752
18077105750
18007720933
15078001903
15078001907
15078000459
15078001900
15078000456
15078001902
15078000450
18077105766
18007720944
18007720947
18007720940
15078001916
18007720950
15078001917
15204304893
15204304891
15204304890
15078000468
15078001912
15078001913
15078000466
15078001911
18077105778
18077105776
18007720955
18007720953
18077105773
15204304899
15204304896
18077105771
13877354483
18007728502
15078000477
13877354482
15078000478
15078000479
18007728500
13877354480
18007728507
13877354487
18007728506
15204309015
13877354485
15204309016
18007721575
15204309010
13877354489
18007721576
13877354488
18007721578
18007720969
18077107205
18007720968
15078000475
15204309008
13877354491
15078000488
15204309007
13877354493
18007728516
13877354495
18007728518
13877354498
13877354497
18007721588
15204309000
18007721585
18007721583
18077100301
18007728510
18007721582
18007720970
18077100308
18077100307
18077105793
18077100305
18077105790
18077107219
18077100309
15078000486
15078000485
18077105797
15078000484
15078000499
18077100312
18007720980
18077100314
18007721595
18007720982
18007721596
18077100310
18007721599
18077107229
18007720989
18007720988
18077107227
18077100319
18077100318
18007720986
15078000495
18077107221
15078000494
18077107222
18077107220
15078000496
18077107225
15078000490
18077107226
15078000493
18077107223
18077107224
18077100323
18007720991
18077100324
18077100321
18077107238
18077107239
18007720999
18007720997
18077100328
18007720996
18077100327
18077107231
18077107233
18077107234
18077107236
18077107237
15078001960
18077106114
18077106115
18077106112
18077104697
18077104699
15078003180
18077104693
15078003189
18077104695
18077100339
15078003186
18077106118
15078003185
18077104691
18077104692
18077106117
15078003187
18077100330
18077100336
15078001965
15078001963
15078001961
18007729608
18077106124
15078003193
18077106125
15078003190
18077106120
18077106121
18077100349
15078003198
18077106128
15078003197
18077106129
18077100346
18077100347
15078001976
15078001977
15078001978
15078001979
18007729605
15078001973
18007729604
18077100340
15078001974
18077106132
18077106133
18077106131
18077106136
15078001980
18077106139
15204309030
18077100357
18077100355
18077100354
15204309033
18077100352
18077100350
15078001984
15078001989
18077106142
18077106145
15078001990
18077106148
15078001992
18077100369
18077100360
15078001995
15078001996
18077100362
18077100361
15078001997
15078001998
15078001999
18077106150
18077104650
15078003146
15078003144
18077104658
18077104657
18077104659
18077104656
15078001922
18077100372
18007723870
18077100370
18077100371
18077100376
15078001929
18077100375
15204309095
15078001927
15204309090
18077104661
15078003156
18077104660
15078003157
15078003152
15078003151
18077104667
18007723888
18007723889
18007723887
18007723885
15078001935
18077100380
18077100381
18007723882
18077100383
18007723880
18077100387
15204309088
18077100388
18077100389
15078001936
18077104670
15078003165
15078003166
18077104672
15204309081
15078003168
15078003169
18077104676
18007723899
18077104678
15078003162
15078001941
18077100392
15078001945
15078001944
15078001943
18077100396
18077104681
15078003177
18077106108
18077104684
15078003179
18077104689
18077104688
18077104687
18077104686
15078003170
15078001953
15078001955
15078001954
15078001956
15078001958
15204309062
18007729687
15078003238
18007729686
15078003239
18007729683
18007729681
18007729680
18077104749
18007723960
18007723961
18007723963
18077104741
18007723966
18007723965
18077104743
18007723967
18007723969
18077104747
15078003230
18007729690
15078003231
15078003233
15078003236
15078003228
18007729670
18077100294
18077104739
18077100290
18007729677
18007723953
18077100291
18007729679
18077106198
18007723955
18077104736
18007723959
15078003225
15078003224
15078003222
18007729661
18007729660
15204303882
18007729669
18007729668
18007723985
18007729666
18007723980
15078004708
18077104769
15078003250
18007723987
18077104765
18007721609
18007723989
15078003256
18077104761
15078003252
15078003251
15204303888
15078003253
18007721600
18007729651
15078003249
18007729657
18077104756
18077104757
18077104755
18077104752
15078003244
15078003241
18077104706
18077104707
18007729649
18007729647
18077106170
18007723920
15078004722
15204303860
15078004728
15078004729
15078004727
15204304914
15204303866
15204303869
15078004721
15204304910
15204303862
15204303865
18077106166
18077106165
18007723923
18077106163
15204304919
18077104702
18077104701
18077106168
18007723927
18077104703
18077106160
18077106161
15204303872
15204303871
15204303879
15204304925
18007723919
15204304924
15204303878
15204303873
15204303874
18077106153
18077106152
18007723916
18007729625
18077106192
18077106193
18077104727
18077104728
18077104729
15078004749
15204305981
18007729621
15078003218
15078004744
15078004745
15078003211
15078003212
15078003213
15204303847
18077104726
18077104725
18077106189
18077106188
18077106187
18077106181
18007729612
18007723930
18077104719
18007729616
18077104716
18007729618
15078004737
15204305993
15078003209
15078004739
15204305995
15078003207
15078003206
15078004735
18007729610
15204303853
15078003203
15204303851
15078003200
15078004731
15204305996
15204304900
15204303858
15204303855
15204305998
15204305999
15204304905
18077104714
18077104713
15204304908
18007723933
18077107254
15204304955
18007721666
15078004761
18007721668
15078004762
15204304951
15078004763
15078004765
18007728553
15078004766
18007728551
15204304950
18007721661
18007721662
18007721663
13877354454
18007728559
18007728558
13877354450
18007728555
18007728556
18077107242
18077107244
18077107248
18007721658
18077107249
18007721656
18007721655
15204303835
15204303832
15078004751
18007721659
13877354448
15204304960
15078004757
13877354449
15078004756
15078004755
13877354446
18007721652
18007723906
18077105813
18077105812
15204304938
18077107279
18077105814
18077107277
18007723901
15078004787
15078004781
18007723909
18007723907
15204304936
13877354479
18007721686
18007721687
18007728531
18007721680
15078004789
18007721683
18007728536
18077107280
18077105817
13877354476
13877354473
18077105819
18077105804
18077105803
15204304948
18077105801
18077107269
18077107264
18077105800
18077107263
18077107265
15078004775
15078004773
15204304940
18007721679
18007721675
13877354466
13877354469
18007721671
18007728520
18007721670
18007728523
18077105809
18007728525
18007728528
13877354464
18077105806
18007721622
15204304999
15204304995
18007721628
13877354409
18077105830
18077107299
18077105833
18077105834
18077105835
18077105836
18077105837
15078000404
15078000405
15078000406
15078000400
15078000401
15078000402
18007728599
15204304991
13877354418
15204304992
15204304993
13877354416
18007728593
18007721621
15078000409
18007721620
15204304990
15078004794
18007721611
15078004791
18007721612
18007721618
15078004795
18077105821
18077105822
18007721619
15078004790
18077105823
18077105827
18007728585
13877354405
13877354404
18007728586
13877354406
18007728581
13877354401
18007728580
18007728583
18007728582
18007721648
18077105850
18077105851
18007721646
18077105856
18007720916
13877359008
18077105857
18077105859
13877359006
13877359004
18007720919
15078000420
13877359001
18077105854
18077105855
13877359002
15078000421
13877359000
18007728578
13877354431
15078000428
15078000429
18007728571
13877354438
13877354419
18077105840
15204304986
18007720903
18007721636
18007720902
18007721633
18007720901
15204304988
18077105847
18007720906
18077105848
18077105846
18077105843
18007720909
18077105842
18007720908
15078000412
18007728567
15078000413
18007728566
18007728569
15078000411
15078000416
15078000417
13877354421
18077105849
13877354423
18007729694
18007728561
18007729692
18007728563
15204304982
13877354426
18007729695
15204304980
13877353635
13877354769
13877355773
13877353637
13877355772
13877353636
13877355771
13877353630
13877353633
13877355777
13877353627
13877353628
13877353648
13877355783
13877353647
13877354779
13877355782
13877353646
13877354774
18007721500
13877354776
13877355781
13877353641
13877354770
13877354771
13877354773
18007721508
13877353639
13877351514
13877354787
13877351513
13877353652
13877354788
13877351512
18007721511
13877353654
13877353657
13877353656
13877355795
13877354789
13877353658
13877354781
13877353650
13877354782
13877353649
18007721516
18007721513
18007721515
18007721514
13877351523
13877353666
13877354796
18007721522
13877351525
13877353664
18007721520
18077100600
13877351521
13877353668
13877351520
13877353667
13877354790
13877354794
15078008506
15078008508
18077100605
18077100603
18077100609
18007721525
13877351516
18077100606
13877351517
18077100607
18007721523
15078008515
13877357997
13877355737
13877357998
13877355738
13877355733
15078008512
13877355731
15078008510
13877357990
13877357995
18007721533
13877357996
15078008518
13877355729
15078008517
13877355746
15078008525
13877355747
15078008526
15078008527
15078008520
15078008523
13877355745
13877353603
13877353604
18007721545
15078008529
15078008528
13877355739
15078008533
13877355753
13877356800
13877356803
13877355759
15078008538
13877356805
13877356804
13877355758
13877353611
13877353612
13877353613
13877355752
13877355750
13877353605
18007721558
18007721559
15078008539
15078008542
13877356811
13877355765
13877355767
13877356816
13877355768
13877356815
15078008548
13877356814
13877356813
13877353621
13877353622
18007721563
13877353620
13877355760
13877353626
18007721560
13877353619
13877353618
13877353617
13877353616
18007721569
18007721567
13877356808
13877356809
13877356806
13877359970
13877359971
13877359973
13877359976
13877356817
13877359978
13877359977
18007722625
13877359979
18007722626
18007722627
18007722628
15078008550
15078008551
18007722622
13877356826
13877356827
15078008557
13877356825
15078008556
13877359987
13877356829
13877359984
18007722636
13877359989
18007722635
15078008563
15078008562
13877356830
18007722630
13877356836
13877356837
15078008567
13877356831
15078008566
13877355700
13877356833
13877356834
13877359996
13877359995
13877359998
13877359997
13877359994
13877359993
13877354701
15078008571
15078008573
15078008576
13877356845
13877356842
13877355712
13877359990
13877356848
13877356849
13877356846
13877355716
13877355715
13877355719
13877355717
18007722658
13877354709
15078008580
18007722653
15078008583
13877356851
13877356854
15078008588
13877355722
15078008586
13877356856
13877355720
13877356858
13877359933
13877359935
13877359936
13877354716
13877354717
13877359931
13877359932
13877353673
15078008597
15078008599
13877356863
15078008593
13877354724
15078008594
13877356862
13877356861
13877353678
13877354726
13877353679
13877354725
15078008591
13877353675
13877359947
13877359948
13877359943
13877356879
13877356876
13877356878
13877356871
13877354735
13877356873
13877353687
13877354731
13877353688
13877354730
18007722605
13877359958
18007722609
13877359950
13877356889
13877356888
13877353691
13877356887
13877353695
13877353692
13877353693
13877352603
13877353698
13877356880
13877354741
13877353696
18007722600
13877352600
13877354743
13877354746
13877356883
13877354748
13877356882
13877354747
18007722619
18007722618
13877352609
18007722617
13877359968
13877359966
13877352606
13877359965
13877359960
13877359961
13877356897
13877356899
13877356890
18007722610
18007722611
13877352611
13877354754
13877356892
13877352613
13877354752
13877356893
13877356896
13877356895
13877354756
13877350178
13877352515
13877350176
13877352513
13877352510
18007722595
13877350170
18007722592
13877350175
13877350173
13877359905
13877359907
13877359906
13877359901
13877352508
18007722589
13877352501
18007722588
13877350165
18007722587
13877350168
13877352503
13877350167
18007722583
13877352500
13877350162
13877350161
13877350163
13877352531
13877352536
13877352537
13877350199
13877350198
13877352535
13877350197
13877350195
13877350194
13877350193
13877350190
13877359921
13877359923
13877359922
13877352529
13877359925
13877352528
13877359924
13877359928
13877359908
13877359909
13877352523
13877352526
13877350184
13877350183
13877350186
13877350182
13877350181
13877352517
13877352518
13877359918
13877352551
13877352550
13877352559
13877352558
18007722555
13877352557
13877352555
18007722559
13877351495
13877352540
18077100691
18077100692
18077100693
13877352546
13877352545
18077100695
18077100698
13877352541
13877352543
13877352538
13877352539
13877352573
13877352577
13877352576
18007722575
18007722577
18007722578
13877352578
13877352560
13877352561
18007722562
13877352566
18007722561
13877352565
18007722565
13877352569
18077100668
18077100661
18007721465
13877351468
18077100662
18077100665
18007721460
13877351466
13877352596
18077100664
18007721461
13877351465
13877352597
13877351463
13877352599
13877351462
13877357968
13877352593
13877351460
13877352594
13877352595
13877352590
13877352591
18077100659
13877351449
18077100652
13877357952
13877351457
13877357951
18077100651
13877351456
13877357950
13877352589
18077100656
13877352587
18077100655
13877351452
13877352588
13877351455
18077100653
13877357958
13877352581
13877357956
13877357955
13877352580
13877350108
13877350109
18077100687
13877350115
13877353701
18077100686
13877350114
13877351487
18077100689
13877357981
13877353703
18077100688
13877350116
13877350111
13877350113
13877357984
13877350112
13877351489
13877357987
13877357986
18077100681
13877357989
13877351481
18077100679
18077100678
13877350106
13877351475
13877350105
13877350104
13877351477
18077100675
13877357974
13877350102
18077100673
13877350101
13877351478
18077100672
13877357972
13877350100
13877357971
13877357978
18077100670
13877357977
18077100624
13877350129
18077100629
13877351419
18077100628
13877351418
13877351416
13877357917
13877357919
13877357925
13877357927
13877357923
13877350132
13877351425
13877350135
13877351421
18077100621
13877350137
13877351422
13877350138
18077100623
13877350119
18077100613
13877351406
18077100619
18077100618
13877351408
18077100617
13877351407
13877357909
13877357908
13877357907
13877350120
13877350121
13877351415
18077100611
13877350128
13877350125
13877351410
18007721493
13877350126
13877351411
13877351438
18077100649
13877350151
13877357944
13877350152
13877357945
13877357946
13877357949
18077100642
13877350158
13877350154
13877351447
13877350155
18077100640
13877350156
13877351445
13877357941
13877351429
13877357933
13877357931
13877357938
13877357935
13877350149
13877351430
13877351431
13877350147
13877351432
13877350148
13877351433
18077100630
13877350143
13877354662
13877353532
13877354666
13877354667
13877354664
13877353533
13877353536
13877353537
13877353528
13877354670
13877351401
13877353543
13877353549
13877351400
13877353539
13877355899
13877355898
13877355896
13877353513
13877353516
13877355893
13877353515
13877355891
13877355890
13877353506
13877353508
13877353509
13877354650
13877354652
13877353525
13877353521
13877354656
13877353519
13877355872
13877355873
13877355876
15078008413
13877355877
13877356923
13877356926
13877355878
13877356917
13877356919
13877353500
13877353501
18007721442
15078008420
13877355885
15078008422
13877355886
13877356930
13877355888
13877355889
13877356929
15078008429
13877356927
13877356928
13877355850
13877355851
13877354687
13877354685
13877356901
13877354684
13877356904
13877355856
13877355857
13877354681
13877354680
13877355855
13877355853
18007721413
18007721414
18007721416
18007721418
18007721419
13877355860
13877356915
15078008404
15078008405
13877356913
13877354696
13877355869
13877356912
13877354695
13877356911
13877354690
15078008400
13877355864
15078008401
13877354692
15078008407
13877356908
18007722525
18007722526
15078002035
13877355828
15078002037
15078002031
13877356965
15078009985
15078008454
13877355830
15078009984
13877355832
15078008459
15078002038
15078009987
13877355837
15078009988
13877356968
18007722521
15078009981
15078009982
15078008453
13877356960
18007722539
18007722535
15078002047
15078002048
15078002045
15078002041
15078002042
15078008468
15078009995
15078009996
13877355842
15078009997
13877356977
15078008465
13877355841
15078009998
15078009999
13877355846
15078008469
15078002049
15078008460
13877356970
18007722530
15078009990
13877355840
15078008463
15078009991
15078008462
15078009992
13877356973
18007722509
13877355809
15078002011
15078002012
15078002013
15078002015
15078009967
13877353596
13877355813
15078009968
15078002016
13877355812
15078008439
13877355815
15078008438
15078009966
13877356946
15078008433
13877353592
15078008432
13877356944
13877353590
13877355811
13877356942
13877355810
15078009960
13877356940
15078008431
15078008430
13877353599
18007722501
13877353597
18007722515
18007722516
18007722519
15078002022
15078002025
13877355818
13877355819
15078002023
13877355817
15078009977
15078002029
13877355825
15078009978
13877355824
15078008447
13877356959
13877355822
15078009973
13877356953
15078008445
13877356955
15078009970
15078009971
15078009949
15078009948
15078008491
15078008492
13877353575
15078008493
13877353576
13877354625
13877353579
13877353570
15078009945
15078009958
15078002004
15078009959
15078002003
15078002002
13877353586
13877353587
13877354633
15078009950
13877355800
15078009953
13877353580
13877353581
15078009955
15078002007
13877353582
13877354630
13877355803
15078002008
13877353583
15078009957
15078002006
13877353585
15078009929
15078009927
15078009925
13877356983
13877353557
13877354605
13877356981
13877353558
13877356980
13877353555
13877353556
13877353553
15078009924
15078009922
13877353550
15078008476
13877356987
15078008477
13877356986
15078009937
13877353568
13877354616
13877353569
13877354615
15078008483
15078008484
13877356991
13877353566
13877356990
13877353560
15078009935
15078009931
15078008488
13877356998
13877350076
13877350074
18007722491
13877350072
13877350071
13877350070
13877352412
13877352410
13877350078
13877352413
13877350077
13877352409
13877352408
13877350062
13877350061
18007722485
13877352401
13877352402
13877352403
13877352405
13877350053
13877350052
13877350058
13877350055
13877350041
13877350040
13877350043
13877350042
18007722468
13877350047
13877352455
13877352459
13877351399
13877352445
13877351398
18077100594
13877352447
18077100595
18077100590
13877351391
18077100591
13877351392
13877351390
13877351395
13877351396
13877352440
13877350099
18077100589
13877351386
13877352433
13877351388
18077100588
13877351389
13877350093
13877351382
13877351383
13877350091
13877351384
13877350092
13877351385
18077100581
13877350097
18077100582
13877350096
13877351381
13877350088
13877352425
18077100573
18007722424
13877350089
13877352424
13877351379
18077100575
13877351377
13877351375
18077100579
13877352422
13877350080
13877351373
13877351374
13877350082
13877351371
13877350083
13877350086
13877350087
13877352418
18077100569
18077100560
13877352493
13877351362
13877351361
13877351360
18077100566
18077100568
13877351365
18077100567
18007721364
18007721365
18077100564
18007721367
18007721368
18007721359
18077100559
13877352484
13877351351
18077100557
13877352488
18007721353
13877351353
18077100555
13877351356
13877352486
13877351355
18007721356
13877351358
18077100552
13877351357
18077100551
18007721354
13877351359
13877351339
13877352471
13877352472
13877352473
18077100540
13877351349
13877352479
13877351346
13877351345
13877352475
18077100543
18007721340
13877351344
18077100546
13877352478
18077100539
18077100537
13877351328
18007721337
18007721336
13877352462
13877352463
13877352461
13877351336
13877351335
18007721333
13877351337
18007721330
13877352466
18007721331
13877351331
13877352467
13877352464
18077100532
13877351333
13877351319
18077100525
18077100527
18077100521
13877350037
13877351322
18077100524
13877350033
13877351326
13877351327
13877350035
13877350030
13877351309
18077100516
18077100514
13877350019
18077100512
13877350028
13877350029
13877350026
13877351311
18077100511
13877351312
13877350024
13877351314
18007721399
18007721398
13877351316
18077100504
13877350009
13877350008
18077100506
18077100505
18077100508
18077100507
18007721388
13877350011
13877351304
13877350012
13877351302
18007721389
13877351303
13877350015
18077100500
13877350016
13877351301
18077100502
18007721385
13877350018
18007721380
13877350010
13877350002
18007721377
13877350000
18007721376
13877350001
18007721375
13877350006
15078009889
15078008757
15078008758
13877357756
15078009888
13877357757
13877357758
13877357759
15078008754
15078009887
15078008750
13877357750
13877357751
13877357753
18007721308
15078008766
13877357768
13877355504
15078008767
13877355505
15078008768
13877355506
15078008769
15078009899
13877355507
15078008762
15078009898
13877355502
13877355503
15078009893
15078008760
18007721300
13877357763
18007721319
18007721314
18007721315
15078008775
15078008776
15078008773
13877355511
15078008774
13877355512
13877355517
13877355518
13877355515
18007721311
13877357775
18007721313
15078008772
13877355510
15078008770
18077100803
18077100802
18077100801
18077100800
18077100807
18077100806
18007721328
18077100805
18077100804
18007721326
13877355519
18077100809
18077100808
13877355522
15078008785
13877355523
15078008786
15078008787
13877355525
13877355527
13877357786
13877357787
13877357784
18007721322
13877357785
18007721321
15078008780
13877357782
13877355520
15078008716
18077100817
18077100811
18077100812
18077100814
13877355532
13877357791
13877355531
13877355530
13877357793
13877357796
13877357795
13877357798
15078008714
13877357799
15078008712
15078008711
13877355537
13877355535
13877355534
13877355533
18077100823
13877353405
13877353404
13877355543
13877355542
13877353402
13877353401
13877353400
15078008723
15078008722
13877355544
13877355547
15078008720
13877355546
15078008739
15078008737
18007722809
13877353408
18007722803
13877353409
18007722802
13877355550
13877353410
13877353412
13877355554
13877353414
13877355553
18077100832
13877353417
13877355552
13877355551
13877355558
15078008731
13877355557
15078008730
13877355556
13877355559
15078008748
18007722816
18077100845
13877353419
18077100849
13877353424
18077100843
13877353428
13877355563
13877353427
18077100841
13877355564
13877355567
15078008740
13877355566
13877355569
13877353420
15078009801
13877353438
13877353439
13877354968
13877353434
13877352822
13877352821
13877352820
13877353433
13877352815
13877352819
18007722828
13877352817
13877352818
13877353429
18007722829
15078009808
15078009805
15078002106
13877354971
13877353440
15078002104
15078009810
15078002109
13877353447
13877354978
13877353449
13877354976
18007722830
13877352832
13877353443
13877354973
13877352833
13877353446
13877352825
13877352826
13877352827
13877352829
15078009816
15078009817
15078009818
13877353452
15078009823
13877354982
13877353451
13877352845
13877353457
13877354983
18007722841
13877352843
13877354986
13877353455
13877354988
13877352840
13877353458
13877353459
13877352837
18007722843
13877352838
18007722846
13877352835
13877352836
15078002112
15078009829
15078009826
15078009827
15078009832
13877353460
15078002128
15078009833
13877353462
15078009836
13877354990
13877353465
13877352853
13877353466
13877352856
13877354995
13877353468
13877352850
13877354998
18007722859
18007722856
13877352847
13877352848
15078009837
15078002125
15078002122
15078008792
13877354922
18007722860
13877354923
13877353479
18007722863
13877353476
13877353475
15078009847
13877353473
13877353472
13877353471
15078009843
13877353470
15078008798
15078009841
15078002131
15078002134
15078009849
15078002135
18007722865
13877354919
18007722866
13877354918
18007722867
13877354915
18007722871
18007722870
13877353488
13877354931
15078009855
13877353483
15078002149
13877353480
15078009854
15078002142
15078002141
15078009859
15078002144
15078002145
18007722878
13877352800
13877352801
13877354940
18007722886
13877353499
18007722885
13877353498
15078009860
18007722881
13877353493
13877353491
15078009868
13877353496
15078002156
15078002158
15078002152
15078002153
13877354936
13877354938
18007722888
13877354952
13877354953
18007722895
13877352812
13877354956
15078009872
18007722890
13877354955
15078009874
15078002168
15078002165
13877352806
13877354949
13877352809
13877354948
13877352808
13877352802
18007722898
13877352805
15078002060
18007722799
15078002068
15078002067
15078002069
15078002064
15078002065
13877351262
13877352792
13877351263
13877352791
13877351260
13877351269
18007722796
18007722797
13877352799
13877352798
13877352797
18007722792
13877351266
13877352796
13877351267
13877352795
15078002051
18007722788
15078002059
15078002057
15078002056
15078002053
15078002052
13877351252
13877351250
13877352782
18007722786
13877351258
13877351256
13877351257
13877351254
13877352786
13877351255
13877352785
15078002080
15078002082
15078002085
15078002089
13877351283
13877351285
13877351288
13877351289
15078002076
15078002075
13877351270
13877351271
13877351275
13877351278
13877352747
13877352757
13877352753
15078002098
15078002099
15078002096
15078002092
15078002093
15078002091
13877352739
13877351299
13877352742
13877351297
13877351293
13877351292
13877351290
15078009919
15078009917
15078009915
13877352769
13877352774
13877352778
13877352779
13877352776
13877352777
15078009912
15078009911
13877352770
13877352771
15078009908
15078009907
15078009909
15078009903
15078009906
13877352759
13877352758
13877352761
13877352763
13877352765
13877352766
13877352768
15078009902
13877352760
13877355588
15078008801
15078008802
15078008800
13877355580
18077100861
13877355581
18077100862
18077100863
18007721262
13877355584
18007721264
18077100867
18077100868
15078008806
15078008808
13877355577
13877355578
13877355579
18077100850
13877355570
18007721256
13877355571
13877355573
18077100854
13877355575
18007721259
13877357701
18007721280
18077100885
18007721284
13877351202
13877351200
13877351203
18077100883
13877351204
18077100888
15078008827
15078008826
15078008810
15078008812
13877355599
13877355595
18007721273
13877355598
13877355590
18077100879
15078008819
15078008818
15078008815
15078008817
15078008816
13877351227
18007721224
13877357720
13877351223
13877351222
18007721221
13877351220
13877357725
13877357719
18007721227
18007721226
18007721229
18007721228
13877351219
13877351215
18007721212
18077100898
13877351211
18007721210
13877357718
13877357717
13877357716
13877357715
13877357714
13877357713
13877357709
18007721215
13877351243
13877357741
13877351247
13877357745
13877351240
18007721231
18007721232
13877351235
13877357732
13877351237
13877351239
13877357734
13877357733
13877357739
13877351231
13877357737
13877351230
18007721238
13877355629
15204300971
15204300973
15078009780
13877357896
13877357892
13877357893
15078008654
15078009786
13877355634
13877355635
15078009788
13877355633
13877355638
13877357899
13877355637
15204300989
15204300988
15204300983
15204300982
15204300981
18007721209
15204300980
18007721207
18007721205
15204300984
18007721202
15078008660
15078009798
15078008664
15078008666
13877355647
15078008668
13877355648
15204300999
15078008639
13877355607
15078009762
15078009761
15204300990
13877357872
13877357873
15078009768
15078008636
13877357876
13877357877
15078008637
13877355617
15078008634
15078009763
15078008633
15078008630
13877355610
15078008631
15078009773
13877357881
13877357880
13877355620
13877357885
13877357884
15078008645
13877357889
13877355625
13877357887
15078009779
13877357888
15078009778
15078008642
13877355622
15078009775
15078008644
18077100713
18077100715
15078008619
15078008616
15078008617
15078008611
13877355679
15078008610
13877355678
13877355676
15078008613
15078008612
13877355670
13877355675
18077100710
18077100726
18077100723
18077100727
18077100728
15078008627
15078008628
15078002200
15078008620
15078002208
13877355688
15078002207
13877355687
15078008622
15078008621
13877355689
15078008624
15078008626
15078002206
15078002205
13877353303
13877355682
13877355681
13877353307
13877355686
13877354882
13877354883
13877354881
13877355656
13877355655
13877355654
13877355653
13877355652
13877354888
13877355651
18077100706
18077100704
18077100701
15078008606
18077100709
15078008607
15078008602
13877354891
13877355669
13877354893
13877355666
13877355665
15078008600
13877355668
18077100700
13877354899
13877355664
13877352723
13877353336
13877353333
18007722721
13877353339
13877354867
13877353337
13877354868
15078009700
15078002236
13877353331
15078009703
15078009702
15078002239
13877353330
13877354860
15078002233
15078002232
15078009708
15078002235
15078009706
15078009709
15078002230
18007722727
18007722726
18007722728
13877352719
13877352717
18007722725
13877352715
13877352733
13877353344
13877352732
13877354875
18007722730
13877353347
13877353348
13877353349
13877354877
15078009711
13877353340
15078002248
15078002246
15078009716
15078009719
13877352729
18007722739
13877352727
13877353317
13877354845
13877353318
13877354844
13877353315
13877353316
13877353313
13877354841
13877352701
13877354840
13877353311
15078002216
15078002217
15078002218
15078002219
15078002211
15078002213
13877354837
13877353309
13877353326
13877354858
13877353327
13877353328
13877354856
13877353329
18007722710
13877353323
13877354853
13877352713
13877354852
13877352712
13877353325
13877354851
15078002227
15078002228
15078002225
13877353320
15078002229
15078002223
15078002221
13877352703
18007722712
18007722711
13877352706
13877354848
13877354849
13877353372
15078009744
13877353371
15078009741
15078008698
15078009748
13877353375
13877353374
13877353379
18007722765
13877353378
13877354820
15078009740
15078008695
15078009749
15078002272
15078002273
15078009753
13877355601
15078009754
13877353383
15078009755
13877353382
13877353385
13877355606
13877353387
13877355603
13877353389
18007722775
13877353388
18007722772
13877354836
13877354833
15078002282
13877354826
18007722779
18007722777
18007722778
15078002289
15078002287
15078002288
15078002286
15078002283
15078009725
15078008679
15078009726
15078008678
13877353352
15078009724
13877353351
13877353350
15078008677
15078008676
13877354802
13877354803
13877353358
13877353357
13877353355
15078002250
15078002251
15078009729
15078009728
15078002256
15078009727
13877353363
13877353362
15078009737
15078008688
15078009732
13877353361
15078008685
15078008684
13877354811
15078008681
13877354812
13877353369
13877353368
13877354809
13877354808
13877354807
15078002260
13877354806
15078002263
15078002264
15078002262
15078009739
15078009738
15078002265
15078002266
15078000067
15078000066
15078000065
15078000060
13877354909
13877352698
18007722693
13877351167
13877354910
13877351168
13877352696
18007722695
13877351169
13877352695
13877354912
18007722696
18007722699
13877352699
13877352690
13877351160
13877351161
13877351162
13877351163
13877352693
15078000069
13877352692
15078000055
15078002197
15078000054
15078000050
15078002190
13877351157
13877352685
13877351158
13877354901
18007722681
13877352687
13877351156
13877352686
13877352689
18007722688
13877352681
13877352680
13877351151
15078002188
15078000040
15078000044
18007722678
18007722676
18007722677
18007722671
13877351146
13877352672
13877351141
13877352671
13877351142
13877351143
15078000031
15078002177
15078000030
15078002175
15078002174
15078000035
13877353390
15078002173
15078000034
13877352659
13877351139
13877352667
13877353399
18007722666
13877352666
18007722663
13877351137
13877352668
18007722661
13877352663
13877352662
13877351133
15078000036
13877353391
13877351132
13877352660
13877353394
13877353396
13877353398
13877352648
13877352650
13877352656
15078000090
13877352638
15078000091
13877352637
15078000092
13877352639
15078000098
15078000099
15078000094
15078000097
13877351194
13877351192
13877351191
13877351198
13877351197
18007721194
13877351196
13877351195
18007721198
18007721199
13877351199
13877352646
15078000081
13877352629
15078000082
13877352628
15078000080
15078000086
15078000083
15078000084
15078000088
18007721183
13877351184
18007721182
13877351186
13877351181
13877351180
13877351182
13877352635
18007721187
13877352631
13877351188
13877352632
13877352619
15078000070
13877352617
15078000072
15078000073
15078000077
15078000078
15078000079
13877351176
18007721171
13877351175
18007721172
13877351173
13877351171
13877351170
18007721178
13877352622
18007721179
13877351179
18007721176
13877351178
13877352620
13877351177
13877352621
18007721164
18077100766
18007721165
18077100760
18007721167
18077100761
13877357820
18077100762
18007721169
13877357821
15078008703
13877357822
15078008700
13877357823
13877357824
13877357825
13877357827
13877357828
15204300906
15078008707
15204300900
15078008706
15078008705
15204300902
15078008704
18077100767
18077100769
18007721155
18077100752
18007721153
18077100750
18007721159
18007721158
18007721157
13877357812
13877357811
18007721151
13877357808
18077100758
18007721145
15204300919
18007721140
13877357800
13877357802
15204300927
15204300929
15204300928
18077100747
15204300920
18007721137
13877355690
13877355691
18007721135
13877355693
18007721133
13877355694
13877355698
18077100735
18077100734
18077100739
13877357866
13877357865
13877357869
15078000027
13877351125
18007721120
18007721121
13877351122
13877357862
18007721125
13877351126
15204300943
15078000021
15078000022
15204300949
15078000024
15204300947
15078000018
15078000017
15078000015
13877351110
15078000014
13877357858
13877351111
18077100796
13877351113
18077100795
18007721115
13877351115
18077100793
13877357851
13877351118
18077100792
13877357850
18007721113
13877351117
18007721119
18007721118
13877351109
18007721117
18007721116
15204300930
15078000012
15078000013
15204300933
15078000004
13877357847
15078000006
15078000005
13877357844
15078000008
15078000009
13877357840
18007721101
13877351107
18077100781
13877351106
18007721103
18007721104
18077100786
18077100788
13877351101
18007721100
18007721106
18007721105
18007721107
15204300966
15078000002
13877357836
13877357835
13877357833
13877357831
18077100776
18077100775
18077100774
18077100779
15204300953
15204300951
15204300952
15204300958
15204300956
13877357829
15204300959
15078002384
15078002383
15078002382
13877359502
15078002389
13877359503
13877359500
15078009619
13877359501
13877359506
13877359507
13877359504
13877359509
15078009616
15078009612
15078002371
15078002375
15078009606
15078002378
15078009607
15078002370
15078009604
15078009603
15078009602
15078009600
13877359525
13877359520
13877359521
13877359528
13877359529
13877359527
15078008101
15078008108
15078009635
15078009638
15078008107
13877359511
15078009628
15078002399
13877359510
15078002390
13877359518
15078009627
15078009626
15078009625
15078002340
15078001210
15078002345
15078001212
15078001211
15078002349
15078002347
15078008128
15078008127
15078008126
15078001218
15078008124
15078008123
15078008120
15078002330
15078002331
15078002332
15078001200
15078001204
15078002336
13877351093
15078001205
15078001202
13877351095
15078002337
15078001203
15078001208
15078008113
13877351099
15078008115
13877351098
15078008112
15078002366
15078001231
15078001230
13877356415
15078001236
13877356418
15078001237
15078001238
15078002368
13877356410
15078008143
15078008142
13877356412
15078001222
15078001221
15078002356
15078008135
15078008138
13877356402
15078001228
15078008137
13877356403
15078001226
15078001225
15078002359
13877356400
15078008131
15078008134
15078008133
15078009696
15078009695
15078009694
13877355301
15078009692
15078002302
13877352195
13877355307
15078001258
13877352193
13877355308
13877359581
15078002306
13877352199
13877355302
15078009699
13877352198
15078009698
13877359583
13877359582
13877352196
15078001251
15078001252
13877359585
15078001255
13877359588
15078001256
13877359589
13877352191
15078001253
15078002300
15078009685
15078009681
15078009680
13877352182
13877352181
15078001249
15078009687
13877352186
15078009686
13877352185
15078009689
15078009688
13877359577
15078001245
13877355320
13877355321
13877355327
15078002324
13877355328
15078002327
15078002321
15078002320
15078001278
15078002323
13877355310
13877355315
13877355313
13877359591
15078001269
13877359590
15078002316
15078002313
15078002314
13877359599
13877359595
15078001263
13877359596
15078009659
15078009657
15078009658
15078009655
15078009653
15078009651
15078009652
15078009650
13877359548
15078001293
13877359545
15078001299
13877359544
15078001298
13877359547
15078001297
15078009647
15078009641
13877359538
15078001281
15078001280
15078001282
13877359530
15078001289
15078001288
13877359533
15078009677
15078009678
15078009676
18077106708
15078009672
18077106705
18077106706
18077106703
18077106700
13877359567
13877359563
13877359562
13877359565
15078009664
13877359550
15078009665
15078009666
15078009669
15078009661
13877359559
13877359558
13877359552
13877359551
13877355370
13877355371
13877352107
13877352105
18007722186
13877352104
13877355375
18007722187
13877355377
18007722189
13877352100
13877355379
18077106605
18077106601
13877352109
18077106603
18077106602
13877352117
13877355384
13877355385
13877352119
13877352118
18077106608
13877355389
13877352115
13877352111
13877352110
18077105209
18077106611
13877355391
18077106618
18077106616
13877352126
13877355397
13877352123
13877352129
13877352127
13877355396
18077106620
18077106622
18007721007
18077106625
18007721009
18077105211
18077106629
18077106628
18077105213
13877351004
13877351001
13877352137
13877352136
18007721003
13877351007
13877352139
13877351005
13877351006
13877352131
13877351000
13877352130
13877352133
18077106637
18077106636
18007721019
18007721018
18077106630
13877359497
13877355335
13877359494
13877355338
13877359495
13877352142
13877359491
18007721013
13877352147
18007721012
13877352148
13877352145
18007721010
13877355333
18007721028
18077106646
18077106640
18007722152
13877352152
13877352153
13877355348
13877352151
18007721024
13877352156
13877355345
18007721021
13877355344
18007721022
13877352158
18007722153
18007721023
13877352159
13877355342
18077106657
18077106658
18077106656
13877352161
13877352162
18007722161
13877355358
13877352166
13877355357
18007722163
18007722162
13877355359
18007721034
13877355353
18007722166
13877355355
18007721035
18077106668
18077106661
13877352171
13877352172
18007722173
18007721040
18007722171
18007721041
13877352177
18007722178
13877352178
13877352179
13877355366
18007722176
18007721045
18007721048
13877355360
15078008151
18077105271
15078008150
15078008155
13877356421
15078008156
13877356423
13877351056
15078008154
13877356422
18007721055
15078008159
13877351055
15078008157
18007721051
13877351053
13877351050
13877356428
18077106673
18077106670
18077105266
18077105268
18077106678
18007722109
18077106677
18077105262
18077105263
18077106679
18077105264
18007722106
13877356430
18007722113
15078008162
15078008164
13877356434
18007721067
13877351067
13877356433
18007722110
18007721066
13877351068
13877356432
18007721065
15078008167
18007722112
15078008168
13877351065
18007721060
13877351060
13877351061
18077106687
18077106685
18077106684
18077105274
18007722118
18007722117
18077105275
18077105272
18007721076
15078008178
15078008175
18007722120
18007721078
13877351078
15078008176
18007722121
18007721077
18077105291
18007722126
18077105290
18007721079
15078008171
13877356440
18007721070
13877351071
18007721072
13877356446
15078008179
18007721073
18077106692
18077106696
18077105283
15078008181
15078008180
18077106699
18077105286
18077105287
13877356456
18007721089
13877356454
18007721087
15078008188
15078008182
18007722135
15078008183
15078008185
13877351081
13877351082
18007721085
13877356458
13877351088
18077105296
18007722139
15078008192
18077105298
18077105299
13877351011
13877351010
18007721092
13877351019
15078008195
13877356461
13877351018
18007721097
15078008199
13877356465
18007721098
13877356466
15078008198
13877356467
13877351012
18077105221
15078002293
18077105223
18077105220
13877351009
15078002299
18077105226
15078002296
15078002294
13877351020
13877351022
13877351021
13877351028
13877356474
13877351029
13877356478
13877351023
13877351026
18077105234
18077105233
18077105237
13877351033
13877351030
13877351036
13877356488
13877351035
13877351039
13877351038
18077105241
13877351043
13877356499
13877351046
13877351048
13877356498
13877351049
18077105253
18077105257
18077105256
18077105258
13877359649
13877359648
15078009518
13877359645
15078009519
13877359646
15078001310
13877359643
15078009513
15078001319
15078001318
15078009515
15078001312
15078009517
15078001315
13877359636
15078009509
13877359630
15078009502
15078001308
15078009501
15078001307
15078009500
15078001306
15078001304
15078001303
15078009505
15078009503
15078001301
13877359628
13877359625
13877359629
13877359623
13877359621
13877359618
13877359619
15078002490
15078002493
13877359611
15078002488
15078001352
15078002485
13877359600
15078001355
15078002481
15078001350
13877359609
13877359606
15078008020
13877356531
15078008028
15078008027
13877356536
15078008025
13877356538
15078001357
15078001359
15078002476
15078001342
15078002477
15078001340
15078008010
13877356525
15078001349
13877356524
15078008019
15078001347
15078001345
13877356528
15078002462
15078001331
15078001330
15078002466
15078001333
18077105199
15078008001
15078001334
15078002469
13877356517
15078008009
15078008008
13877356518
15078001336
15078008007
15078002467
15078008006
15078008005
13877356514
15078008004
15078002453
15078002455
18077105185
18077105184
18077105189
18077105190
18077105193
18077105191
18077105192
13877356507
15078001325
15078001326
15078002456
15078001329
13877356503
13877356504
15078001328
13877352099
13877352097
13877352096
15078002447
15078002448
18077100960
15078009591
15078009590
13877355440
18077100963
15078009597
13877355441
18077100961
18077100962
15078009594
13877355444
15078001391
18077100966
18077100965
15078001398
13877352091
15078001399
15078002443
15078001392
15078001393
15078009588
13877352087
13877352086
15078002438
15078002439
13877352088
15078001389
13877352082
15078002434
13877352085
13877352084
13877355439
15078009580
15078009582
18077100950
13877355432
15078009586
13877355430
18077100955
18077100954
18077100957
15078001380
18077100958
15078001385
15078002432
15078001388
15078001383
13877352074
13877352073
15078001379
13877352072
15078002426
15078001378
15078002427
13877352078
13877352076
18077100941
13877355420
15078009573
13877352079
15078009571
18077100949
18077100948
18077100945
15078001372
15078001373
15078001370
15078001371
15078001377
13877352070
15078002422
15078001368
15078001367
13877352060
13877353990
13877353991
13877355416
15078002413
13877353992
13877352065
15078009568
13877359691
13877352067
13877355412
13877352066
13877352069
15078009561
13877352068
13877353998
15078009564
18077100930
13877353999
15078009563
13877353993
13877353994
15078009560
13877353995
18077100939
18077100933
18077100932
18077100935
18077100934
15078001360
13877359694
13877359695
15078001362
15078001365
15078001366
13877359699
13877355409
13877353985
13877353983
15078009553
15078002409
13877353988
15078009550
13877353987
13877355400
15078009551
18077106828
13877353986
15078009556
15078002406
13877355402
15078002405
13877355401
13877359682
15078002402
13877353981
13877355406
13877353980
13877355407
13877359688
13877359687
15078002400
13877359689
13877359686
13877359685
18077100923
18077100921
13877353979
18077106822
18077100928
18077106820
18077106821
18077100926
13877353972
13877353971
13877353974
18077106818
15078009540
18077106819
13877353977
15078009544
15078009545
13877353970
18077100919
13877359672
18077100910
13877353968
13877353969
18077100913
18077106816
18077100915
18077106810
18077100916
18077106811
18077106809
13877353967
15078009531
13877353966
18077106806
13877353964
13877353962
13877353961
15078009536
15078009537
15078009532
15078009533
13877359662
13877359666
18077100909
13877359665
18077100908
13877359667
18077100905
18077100902
18077100900
18077106803
13877353956
13877353955
15078009525
15078009527
15078009524
13877359653
13877359652
13877359651
15078009529
13877359659
13877353946
13877353947
13877353948
18077106734
18077106738
18077106730
13877352001
13877352000
18007722086
13877352005
18007722088
18007722089
13877352002
13877352009
13877352007
13877352006
18007722098
18007722099
18077106712
18077106711
13877355491
13877355490
13877355492
13877355494
13877355495
18007722065
18007722066
18007722067
18077106726
18077106722
18077106720
18007722075
18077106729
18007722077
18077106770
18077106775
18077106778
18077106779
18077106776
18077106777
18077100997
13877355475
18077100996
13877352049
18077100995
13877352046
13877355476
18077100993
18077100991
18077100990
18007722042
13877352042
13877352043
18077106781
13877352057
13877355488
13877352058
13877355486
13877355485
18007722059
13877352050
13877352052
13877352053
18077106752
18077106753
18077100979
18077100976
18077100977
18077106756
18077106755
18007722028
13877352028
13877355451
18007722022
13877352026
18007722021
18077100972
13877352025
13877355454
13877352022
13877355457
18007722020
13877352020
13877355459
18077106761
18077100987
18077106768
18007722039
13877352039
13877355462
18077100981
18007722036
18077100984
13877352035
13877355466
18077100983
13877352036
18077100986
18007722032
13877355463
13877352032
13877355468
13877352030
13877356569
15078008056
13877356564
13877356563
15078008057
13877356566
13877356565
18007722000
18077105170
18007722005
18007722006
18077105172
13877356562
15078008050
18077105162
18007722009
18077105165
18007722007
18077105168
18077105169
13877356577
15078008065
18007722011
15078008066
15078008067
13877356574
18077105182
18077105175
18007722019
18007722018
18077105178
15078008038
15078008039
13877356547
15078008031
13877356542
15078008035
15078008032
15078008033
13877356543
18077105146
18077105140
18077106798
18077105143
18077106795
18077105149
13877356558
13877356551
18077105161
13877356550
15078008041
15078008043
15078008044
15078008046
18077105158
18077105155
18077105153
18077105151
15078008098
15078008094
18077105127
18077105122
18077105125
18077105138
18077105134
15078008075
13877356581
13877356582
13877356587
13877356588
18077105109
18077105103
15078008081
13877356580
15078008080
15078008084
13877356595
15078008085
15078008088
13877356599
13877356596
18077105116
18077105111
15078008090
15078008091
13877356638
13877356635
13877356636
18007720134
15078008363
15078008362
18077105080
18077105081
15078008360
18077105082
18007720131
13877359705
13877359704
18077105077
13877359703
13877359709
18077105079
15078002582
15078002583
13877356628
15078002577
13877356629
13877356627
15078008356
13877356624
13877356622
13877356621
18007720122
15078008353
15078008350
18077105066
18007720128
18077105068
18077105067
15078002575
13877356619
13877356655
13877356656
13877356657
15078008388
13877356658
13877356659
15078008383
18007720153
15078008385
18007720158
15078008384
13877359729
13877359728
13877359727
13877359726
13877359723
13877356646
15078008377
13877356644
18007720142
18077105093
13877356642
18077105091
15078008376
13877356641
18077105089
13877359719
13877359713
13877359716
13877359715
15078002595
15078002598
13877359711
15078002591
15078002592
15078002593
15078002594
18007720173
18007720175
18007720176
15078008328
15078008329
15078008326
18007720171
15078008324
15078008325
15078008322
13877359744
13877359746
13877359747
18007720168
18007720166
18007720167
18007720163
15078008315
15078008316
15078008318
15078008311
15078008312
15078008313
13877359730
13877359731
13877359738
18007720196
18007722410
18007720198
15078008342
18007720199
15078008343
13877356611
15078008344
13877356614
15078008345
18007720190
13877356616
13877356615
18007720192
13877356618
18007720194
13877356608
13877356609
18007722415
13877359769
18007720185
15078008331
15078008332
15078008333
15078008335
15078008336
13877356600
13877356607
18007720182
18007720181
13877359753
13877359755
13877359751
13877359752
13877359757
13877359759
18077106922
18077106925
13877353838
18077106926
13877353839
18077106923
13877353836
13877353837
15078001052
13877359787
15078001057
15078002501
15078002500
15078001059
15078002503
15078002507
13877359780
15078009411
15078009412
15078002506
13877359781
15078002509
13877353846
15078002508
18077106929
18077106927
13877353843
13877353840
15078001040
13877359772
15078001042
15078009409
15078001044
13877359777
15078001048
15078009404
15078009406
15078009400
13877359770
15078009401
15078009403
13877353832
13877353831
15078001072
15078001070
13877353858
18077106943
18077106942
15078001079
15078001076
15078001075
15078001074
15078001073
15078002527
15078008301
15078002526
15078008303
15078002529
15078008302
15078002523
13877353860
15078008304
15078002522
15078009437
15078002525
15078009438
15078008306
15078002524
13877353862
13877353868
15078009432
13877353867
13877353866
18077106935
15078001061
18077106930
18077106932
15078001066
15078002510
15078001069
13877359797
13877359796
15078001065
13877359794
15078001064
13877359793
15078009422
15078002518
15078009423
15078002516
15078002515
13877359790
15078002512
15078002511
15078009420
13877353857
13877353856
15078001010
15078002541
15078002540
15078001011
15078002543
15078001012
13877353889
15078009453
15078009451
13877353886
13877353884
15078001018
13877353880
15078009456
15078009455
15078001019
15078001000
15078002532
15078001001
15078002530
15078001002
13877353869
13877353876
15078009440
15078009443
13877353878
13877353879
13877353872
13877353875
15078009448
15078002533
15078002539
15078001008
15078009446
15078001035
15078002562
15078002564
15078001031
15078002561
15078001030
15078002560
15078009472
15078009471
15078009470
18077106908
15078009478
15078009477
15078001022
15078001023
15078001024
15078001025
15078002550
15078001020
15078001021
13877353896
15078009463
13877353898
15078009462
15078009466
15078009469
15078002557
13877353890
15078001026
15078002555
15078001028
13877352385
15078009488
15078009481
18007722385
15078009484
18007722386
13877352388
15078009490
18077106873
18077106874
18077106871
18077106872
13877355106
13877352396
13877355105
18007722391
13877352390
13877352391
13877355109
13877352393
13877355108
15078009494
18007722398
15078009495
13877352399
13877355102
15078009498
18077106886
18077106889
13877355115
13877355118
13877355117
13877355112
13877355113
13877355110
18077106899
18077106897
18077106898
18077106895
18077106896
18077106894
13877355129
13877353901
13877353900
13877355130
13877352348
13877355131
13877352347
13877353911
13877355133
13877352345
13877353912
13877352341
13877352340
13877355139
18077106838
13877353903
13877353902
13877353908
13877353907
18077106831
13877353906
13877355142
13877355140
13877355141
13877355146
13877352357
13877352356
13877355148
13877353913
13877353916
18077106848
13877352367
13877355156
13877352366
13877355157
13877353932
13877355151
13877353930
13877355152
13877352360
13877355159
13877352361
13877353929
13877355150
13877353927
18077106859
13877353926
13877353925
13877355166
13877355164
13877355165
13877353940
13877352371
13877352370
13877352372
13877352375
13877353939
13877353936
18077106868
13877353938
13877353937
18007722308
18007722309
13877355171
18007722307
18007722303
13877355176
18007722302
13877355175
13877352305
13877352300
18077107929
13877352302
18077107938
18007722316
13877352309
13877352308
13877355182
13877352307
13877355185
13877352315
13877355186
13877355189
13877355188
18007722328
13877352319
13877355193
13877352318
13877355194
18077105000
13877355191
18077107942
13877355192
18077107949
18077107940
18077105009
13877352320
18007722320
13877352325
13877355198
13877352326
18007722322
13877352328
13877355195
18007722337
18077105010
18077107956
18077107955
13877352329
18077105015
18077105019
18077105017
18077107952
13877352330
18007722332
18007722331
13877352333
13877352338
18007722333
13877352336
18007722335
13877352337
18077107960
18077107961
18007720204
18007720203
18077105025
18007720205
18077105020
18077107967
18007720209
15078008391
15078008392
13877356660
18007722345
13877356663
13877356662
18007720200
18007720201
18007720202
15078008396
13877356667
13877356666
13877356669
15078008399
18077107971
18077107972
18077107970
18007720216
18007720219
18007720218
18077105040
18007722356
18007722357
18007722351
18077105049
18077107984
18077107989
18077107986
18077105045
18007720226
18007720225
18007720227
13877356685
18007720221
13877356687
18007720224
18007722368
18077105051
18077105050
13877356689
13877356688
18007722361
18077107992
18077107995
18077107996
18077107997
18077107998
13877356690
18077105058
18007720238
18077105059
18007720237
18077105057
13877356698
18007720234
13877356696
13877356691
18007722372
18007720033
15078008266
18007720034
18007720037
13877356775
18007720036
15078008263
13877356776
15078001118
15078008268
13877356778
13877356779
15078008267
15078001114
15078001117
15078001110
13877359843
15078001113
13877359841
18007720038
13877359849
13877359848
15078008251
18007720020
15078008250
13877356763
18007720026
15078008253
15078008252
15078008257
15078001109
15078008258
15078001108
13877356766
15078001105
15078001103
13877356769
15078001102
13877359830
13877359839
18007720027
18007720028
13877359834
13877359837
13877359836
15078008244
18007720013
13877356752
18007720015
13877356753
18007720014
15078008240
18007720011
18007720010
13877356758
15078008249
13877356754
15078008247
15078008246
13877359822
13877359824
18007720016
18007720017
13877359828
18007720018
13877359827
18007720019
13877359809
13877356742
18007720003
18007720002
15078008232
13877353799
18007720000
13877353798
13877353796
15078008239
15078008238
15078002698
13877356747
13877353791
13877353790
15078008237
13877356743
15078008236
15078002695
15078002696
13877359810
13877359813
13877359815
18007720009
18007720007
13877359816
18007720008
13877359819
18007720005
13877359818
13877359880
13877356733
13877356732
13877356735
15078008229
13877356737
13877356736
18007720072
15078008227
15078008228
18007720075
15078008222
13877359889
13877359887
13877356729
13877359888
13877359885
13877359886
13877359883
13877359881
13877359882
13877356727
18007720062
13877356726
15078008218
15078008219
18007720066
18007720064
15078008210
18007720067
13877359878
13877359874
13877359876
13877359872
15078008208
13877356714
15078008205
13877356716
15078008206
15078008203
15078008204
13877356713
15078008202
15078008200
18007720057
18007720058
18007720052
18007720053
13877359869
13877359867
13877359868
13877359861
13877359865
13877359866
13877359863
15078008209
13877359864
18007720040
13877356703
18007720045
18007720043
18007720044
13877359856
13877359858
13877359859
18007720049
13877359853
13877359855
15078001199
15078002641
15078002642
15078001197
15078001195
15078001194
13877353739
15078001192
13877353737
15078001190
13877353738
13877353745
15078009315
15078001188
15078002630
15078001187
15078002631
15078001189
15078001184
15078001183
15078001186
13877353726
15078001182
15078001181
13877353730
13877353731
13877353733
15078009301
15078009302
15078002637
15078009307
15078002633
15078001173
15078001178
15078001171
13877353717
15078001170
13877353718
15078002629
13877353722
13877353720
18007720097
18007720096
18007720095
15078002621
15078002624
15078002623
15078002626
15078002628
15078002627
15078001162
13877359895
15078001161
13877359893
15078001163
15078001166
13877359899
15078001165
15078001168
15078001167
13877353705
15078001160
18007720089
13877353713
18007720088
18007720087
15078001169
15078002613
18007720083
15078002617
15078002615
15078001157
15078001152
15078002682
15078001150
15078001151
15078002681
15078009359
13877355204
15078009357
15078009356
15078002687
13877353782
13877353783
15078001159
15078002689
13877353780
13877353781
15078009350
13877353787
13877355200
13877355201
15078001144
15078002672
15078002671
15078001141
15078009346
15078009347
15078001147
15078002679
15078009349
15078002676
13877353771
15078002677
13877353773
13877353774
13877353777
15078009344
15078009343
13877353759
15078001130
15078001131
15078002660
15078002662
15078001135
15078002661
15078001132
15078002663
15078002665
13877353760
15078002666
13877353761
15078002667
15078009338
15078009336
13877353766
15078009330
13877353764
13877353762
15078001121
15078002652
15078001122
15078001123
15078002650
15078001126
15078002656
15078009328
15078001128
15078009329
15078002655
15078009326
15078009320
13877353756
15078009322
13877353757
13877353751
13877353753
15078009387
13877355233
18007722285
15078009388
13877355232
18007722288
13877352288
13877352289
13877355234
15078009383
15078009384
15078009382
13877355230
13877352283
18007722280
13877352280
13877352281
18007722282
13877352286
13877355237
18007722281
13877352287
13877355236
15078009389
13877352284
18007722283
13877352285
13877355238
15078009391
15078009390
15078009396
18007722299
18007722298
15078009398
13877355244
13877355243
15078009394
13877352291
18007722290
13877352292
18007722292
13877352290
13877355211
15078009366
18007722263
13877352266
15078009364
13877355215
13877355214
13877352260
13877355218
18077106995
18077106992
18077106993
18077106990
18077106991
18077106999
18077106996
15078009370
15078009373
13877352277
13877355224
15078009375
13877352278
13877355223
13877355222
15078009378
18007722273
13877355228
18007722272
13877352274
13877352275
13877352276
13877355225
13877352270
13877352272
13877355229
13877352242
13877353812
13877352246
13877353813
13877352245
13877353810
13877355278
13877353811
13877352248
13877353809
13877353808
13877355271
13877353807
13877352250
13877352252
15078002606
13877352251
15078002603
13877352254
13877352253
15078002609
13877355289
13877352258
13877353824
13877353820
13877353818
13877353815
18077106989
13877353816
18077106980
18077106982
18077106983
13877352221
13877355258
13877352220
13877355250
13877352228
13877355252
13877355254
13877355256
13877352222
15078001082
18077106958
15078001083
18077106956
15078001081
18077106954
18077106953
18077106952
18077106950
15078001088
15078001084
15078001085
13877352230
13877352232
13877352238
13877355263
13877352237
13877355261
13877352239
13877355262
13877355267
13877352233
13877353800
13877352236
13877355265
15078001091
15078001093
15078001094
18077106964
15078001099
18007722207
18007722205
18007722206
18007722200
18007722202
18007722201
13877352207
18007722218
18007722219
13877352208
18007722211
13877352211
18007722210
13877352217
13877352218
13877352215
13877352216
13877355291
13877355299
13877355298
15078008298
18007720100
15078008299
18007720101
18007720102
18007720103
15078008297
15078008294
15078008295
18007722248
15078008292
13877359803
13877359804
18007720119
18007720118
18007720117
18007720116
13877359808
18007720115
13877359800
18007722251
18007722252